$ 1 0.000005 0.3490342957461842 54 5 43
v 1632 128 1632 240 0 0 40 5 0 0 0.5
w 1568 448 1552 448 0
w 1632 432 1648 432 0
w 1520 480 1648 480 0
w 1616 416 1552 416 0
w 1392 688 928 688 0
w 1120 544 1024 640 0
w 928 640 928 688 0
w 1392 688 1392 640 0
w 1200 528 1200 592 0
w 1040 576 1024 576 0
w 1232 560 1168 560 0
w 1232 592 1200 592 0
w 1088 608 1024 608 0
w 1152 544 1088 608 0
150 1616 432 1632 432 0 2 0
w 1552 448 1552 416 0
I 1568 448 1584 448 0 0.5
I 1584 448 1600 448 0 0.5
I 1600 448 1616 448 0 0.5
w 1200 608 1200 592 0
152 1232 640 1280 640 0 2 0
w 1296 640 1296 608 0
152 1232 576 1280 576 0 2 0
193 1296 576 1360 576 0 0
R 1568 272 1584 272 1 2 1000 2.5 2.5 0 0.5
s 1632 272 1632 304 0 1 true
164 928 544 960 544 0 4 0 0 0 0 false
184 1056 384 1232 384 0
w 1632 240 1616 240 0
w 992 240 1616 240 0
w 1056 176 1552 176 0
162 1552 176 1552 128 1 2.1024259 1 0 0
w 1552 208 1024 208 0
d 992 304 992 384 1 0.805904783
w 1648 480 1648 432 0
d 1056 320 1056 288 1 0.805904783
w 1056 288 1056 176 0
d 1024 384 1024 304 1 0.805904783
g 1552 208 1584 208 0
w 1040 512 960 512 0
w 1632 240 1632 272 0
w 1520 480 1520 304 0
w 960 512 960 304 0
d 1552 128 1632 128 1 0.805904783
w 928 544 928 272 0
w 928 272 1568 272 0
w 1632 128 1552 208 0
w 1200 608 1216 624 0
w 1232 656 1168 656 0
w 1216 624 1232 624 0
w 1056 560 1168 560 0
w 1056 560 1040 576 0
w 1056 560 1056 512 0
w 1056 512 1040 512 0
w 1056 560 1168 656 0
w 1024 384 1024 416 0
w 1024 416 1024 448 0
w 1024 448 1024 480 0
w 992 384 992 416 0
w 992 416 992 448 0
w 992 448 992 480 0
w 992 384 1056 384 0
w 1024 416 1056 416 0
w 992 448 1056 448 0
w 1024 480 1056 480 0
x 905 268 946 271 0 18 clock
x 967 236 1016 239 0 18 power
x 1040 169 1075 172 0 18 data
x 997 204 1053 207 0 18 ground
x 1472 301 1523 304 0 18 trigger
x 1479 269 1520 272 0 18 clock
x 1477 236 1526 239 0 18 power
x 1483 173 1518 176 0 18 data
x 1473 206 1529 209 0 18 ground
w 1200 528 1392 304 0
w 992 304 992 240 0
w 1024 304 1024 208 0
150 1120 320 1072 320 0 2 0
w 1184 336 1184 384 0
w 1072 320 1056 320 0
w 1216 304 1392 528 0
w 1392 528 1392 576 0
w 1296 640 1280 640 0
w 1296 576 1280 576 0
x 1104 439 1152 442 0 10 hard-wired
x 948 600 983 603 0 10 counter
x 950 592 978 595 0 10 binary
x 1327 600 1360 603 0 10 flip flop
x 1084 326 1113 329 0 14 AND
x 1243 582 1264 585 0 14 OR
x 1242 646 1263 649 0 14 OR
x 1521 489 1647 492 0 10 rising edge of button signal
x 1103 453 1152 456 0 10 multiplexer
x 714 646 735 649 0 14 OR
x 715 582 736 585 0 14 OR
x 799 600 832 603 0 10 flip flop
x 422 592 450 595 0 10 binary
x 420 600 455 603 0 10 counter
w 768 576 752 576 0
w 768 640 752 640 0
w 496 304 496 208 0
w 464 304 464 240 0
x 429 235 478 238 0 18 power
x 379 264 420 267 0 18 clock
x 343 299 394 302 0 18 trigger
w 496 480 528 480 0
w 464 384 528 384 0
w 496 448 528 448 0
w 464 416 528 416 0
w 464 448 464 480 0
w 464 416 464 448 0
w 464 384 464 416 0
w 496 448 496 480 0
w 496 416 496 448 0
w 496 384 496 416 0
w 528 560 640 656 0
w 528 512 512 512 0
w 528 560 528 512 0
w 528 560 512 576 0
w 528 560 640 560 0
w 688 624 704 624 0
w 704 656 640 656 0
w 672 608 688 624 0
w 400 544 400 272 0
w 432 512 432 304 0
w 512 512 432 512 0
d 496 384 496 304 1 0.805904783
d 464 304 464 384 1 0.805904783
164 400 544 432 544 0 4 0 0 0 0 false
193 768 576 832 576 0 0
152 704 576 752 576 0 2 0
w 768 640 768 608 0
152 704 640 752 640 0 2 0
w 672 608 672 592 0
w 624 544 560 608 0
w 560 608 496 608 0
w 704 592 672 592 0
w 704 560 640 560 0
w 512 576 496 576 0
w 672 592 672 528 0
w 864 688 864 640 0
w 400 640 400 688 0
w 592 544 496 640 0
w 864 688 400 688 0
w 1520 304 1392 304 0
w 1184 336 1120 336 0
w 1120 304 1216 304 0
w 1632 336 1632 304 0
w 1632 336 1552 416 0
w 592 304 688 304 0
w 656 336 592 336 0
w 960 304 864 304 0
x 556 326 585 329 0 14 AND
w 688 304 864 528 0
w 544 320 528 320 0
w 656 336 656 384 0
150 592 320 544 320 0 2 0
w 672 528 864 304 0
x 469 204 525 207 0 18 ground
x 512 169 547 172 0 18 data
w 400 272 928 272 0
w 528 288 528 176 0
d 528 320 528 288 1 0.805904783
w 1024 208 496 208 0
w 528 176 1056 176 0
w 464 240 992 240 0
184 528 384 704 384 0
w 864 576 864 528 0
w 336 576 336 528 0
184 0 384 176 384 0
w -64 240 464 240 0
w 0 176 528 176 0
w 496 208 -32 208 0
d 0 320 0 288 1 0.805904783
w 0 288 0 176 0
w -128 272 400 272 0
x -16 169 19 172 0 18 data
x -59 204 -3 207 0 18 ground
w 144 528 336 304 0
150 64 320 16 320 0 2 0
w 128 336 128 384 0
w 16 320 0 320 0
w 160 304 336 528 0
x 28 326 57 329 0 14 AND
w 432 304 336 304 0
w 128 336 64 336 0
w 64 304 160 304 0
w 336 688 -128 688 0
w 64 544 -32 640 0
w -128 640 -128 688 0
w 336 688 336 640 0
w 144 592 144 528 0
w -16 576 -32 576 0
w 176 560 112 560 0
w 176 592 144 592 0
w 32 608 -32 608 0
w 96 544 32 608 0
w 144 608 144 592 0
152 176 640 224 640 0 2 0
w 240 640 240 608 0
152 176 576 224 576 0 2 0
193 240 576 304 576 0 0
164 -128 544 -96 544 0 4 0 0 0 0 false
d -64 304 -64 384 1 0.805904783
d -32 384 -32 304 1 0.805904783
w -16 512 -96 512 0
w -96 512 -96 304 0
w -128 544 -128 272 0
w 144 608 160 624 0
w 176 656 112 656 0
w 160 624 176 624 0
w 0 560 112 560 0
w 0 560 -16 576 0
w 0 560 0 512 0
w 0 512 -16 512 0
w 0 560 112 656 0
w -32 384 -32 416 0
w -32 416 -32 448 0
w -32 448 -32 480 0
w -64 384 -64 416 0
w -64 416 -64 448 0
w -64 448 -64 480 0
w -64 416 0 416 0
w -32 448 0 448 0
w -64 384 0 384 0
w -32 480 0 480 0
x -185 299 -134 302 0 18 trigger
x -149 264 -108 267 0 18 clock
x -99 235 -50 238 0 18 power
w -64 304 -64 240 0
w -32 304 -32 208 0
w 240 640 224 640 0
w 240 576 224 576 0
x -108 600 -73 603 0 10 counter
x -106 592 -78 595 0 10 binary
x 271 600 304 603 0 10 flip flop
x 187 582 208 585 0 14 OR
x 186 646 207 649 0 14 OR
w -192 576 -192 528 0
184 -528 384 -352 384 0
w -592 240 -64 240 0
w -528 176 0 176 0
w -32 208 -560 208 0
d -528 320 -528 288 1 0.805904783
w -528 288 -528 176 0
w -656 272 -128 272 0
x -544 169 -509 172 0 18 data
x -587 204 -531 207 0 18 ground
w -384 528 -192 304 0
150 -464 320 -512 320 0 2 0
w -400 336 -400 384 0
w -512 320 -528 320 0
w -368 304 -192 528 0
x -500 326 -471 329 0 14 AND
w -96 304 -192 304 0
w -400 336 -464 336 0
w -464 304 -368 304 0
w -192 688 -656 688 0
w -464 544 -560 640 0
w -656 640 -656 688 0
w -192 688 -192 640 0
w -384 528 -384 592 0
w -544 576 -560 576 0
w -352 560 -416 560 0
w -352 592 -384 592 0
w -496 608 -560 608 0
w -432 544 -496 608 0
w -384 608 -384 592 0
152 -352 640 -304 640 0 2 0
w -288 640 -288 608 0
152 -352 576 -304 576 0 2 0
193 -288 576 -224 576 0 0
164 -656 544 -624 544 0 4 0 0 0 0 false
d -592 304 -592 384 1 0.805904783
d -560 384 -560 304 1 0.805904783
w -544 512 -624 512 0
w -624 512 -624 304 0
w -656 544 -656 272 0
w -384 608 -368 624 0
w -352 656 -416 656 0
w -368 624 -352 624 0
w -528 560 -416 560 0
w -528 560 -544 576 0
w -528 560 -528 512 0
w -528 512 -544 512 0
w -528 560 -416 656 0
w -560 384 -560 416 0
w -560 416 -560 448 0
w -560 448 -560 480 0
w -592 384 -592 416 0
w -592 416 -592 448 0
w -592 448 -592 480 0
w -592 416 -528 416 0
w -560 448 -528 448 0
w -592 384 -528 384 0
w -560 480 -528 480 0
x -713 299 -662 302 0 18 trigger
x -677 264 -636 267 0 18 clock
x -627 235 -578 238 0 18 power
w -592 304 -592 240 0
w -560 304 -560 208 0
w -288 640 -304 640 0
w -288 576 -304 576 0
x -636 600 -601 603 0 10 counter
x -634 592 -606 595 0 10 binary
x -257 600 -224 603 0 10 flip flop
x -341 582 -320 585 0 14 OR
x -342 646 -321 649 0 14 OR
o 32 16 0 551 5 104857.6 0 -1
